1779699202441 0.09990205680705191 102
1779699254557 0.19980411361410383 204
1779699306411 0.2997061704211557 306
1779699358760 0.39960822722820766 408
1779699410781 0.49951028403525954 510
1779699462854 0.5994123408423114 612
1779699514928 0.6993143976493633 714
1779699566960 0.7992164544564153 816
1779699618721 0.8991185112634672 918
1779699670936 0.9990205680705191 1020
1779699737816 1.0 1021
1779699791417 1.098922624877571 1122
1779699843929 1.1988246816846229 1224
1779699896110 1.2987267384916747 1326
1779699948178 1.3986287952987269 1428
1779700000369 1.4985308521057785 1530
1779700052797 1.5984329089128306 1632
1779700104904 1.6983349657198825 1734
1779700156980 1.7982370225269344 1836
1779700209098 1.8981390793339863 1938
1779700261158 1.9980411361410382 2040
1779700334369 2.0 2042
1779700387290 2.0979431929480903 2142
1779700439431 2.197845249755142 2244
1779700491652 2.297747306562194 2346
1779700543733 2.3976493633692457 2448
1779700595891 2.497551420176298 2550
1779700648226 2.5974534769833495 2652
1779700700493 2.6973555337904016 2754
1779700752506 2.7972575905974537 2856
1779700804551 2.8971596474045054 2958
1779700856453 2.997061704211557 3060
1779700924812 3.0 3063
1779700978082 3.096963761018609 3162
1779701033570 3.1968658178256613 3264
1779701085941 3.296767874632713 3366
