1779699202441 0.4870198667049408 102
1779699254557 0.9849434494972229 204
1779699306411 0.5187616944313049 306
1779699358760 1.3953449726104736 408
1779699410781 1.8583464622497559 510
1779699462854 9.787588119506836 612
1779699514928 0.9672835469245911 714
1779699566960 13.327466011047363 816
1779699618721 9.728690147399902 918
1779699670936 11.818817138671875 1020
1779699791417 6.102304935455322 1122
1779699843929 34.47958755493164 1224
1779699896110 103.77037811279297 1326
1779699948178 0.5919498205184937 1428
1779700000369 0.232716903090477 1530
1779700052797 2.1232049465179443 1632
1779700104904 43.61787414550781 1734
1779700156980 1.1101816892623901 1836
1779700209098 39.820369720458984 1938
1779700261158 0.45755699276924133 2040
1779700387290 0.31570759415626526 2142
1779700439431 0.6894162893295288 2244
1779700491652 65.55070495605469 2346
1779700543733 14.748292922973633 2448
1779700595891 0.5377748012542725 2550
1779700648226 89.66381072998047 2652
1779700700493 50.559505462646484 2754
1779700752506 28.03211784362793 2856
1779700804551 3.8710665702819824 2958
1779700856453 1.2543442249298096 3060
1779700978082 0.10106278210878372 3162
1779701033570 0.1982225477695465 3264
1779701085941 0.5233108997344971 3366
