1779699202441 1.0100000000000002e-05 102
1779699254557 2.0300000000000002e-05 204
1779699306411 3.05e-05 306
1779699358760 4.07e-05 408
1779699410781 4.995365602471679e-05 510
1779699462854 4.9438722966014424e-05 612
1779699514928 4.8913491246138004e-05 714
1779699566960 4.8388259526261584e-05 816
1779699618721 4.78681771369722e-05 918
1779699670936 4.734294541709578e-05 1020
1779699791417 4.681771369721936e-05 1122
1779699843929 4.629248197734295e-05 1224
1779699896110 4.5767250257466535e-05 1326
1779699948178 4.5242018537590115e-05 1428
1779700000369 4.47167868177137e-05 1530
1779700052797 4.419155509783728e-05 1632
1779700104904 4.367147270854789e-05 1734
1779700156980 4.314624098867148e-05 1836
1779700209098 4.262100926879506e-05 1938
1779700261158 4.209577754891864e-05 2040
1779700387290 4.1570545829042226e-05 2142
1779700439431 4.104531410916581e-05 2244
1779700491652 4.052008238928939e-05 2346
1779700543733 3.999485066941298e-05 2448
1779700595891 3.9469618949536566e-05 2550
1779700648226 3.8944387229660146e-05 2652
1779700700493 3.8419155509783727e-05 2754
1779700752506 3.789392378990731e-05 2856
1779700804551 3.73686920700309e-05 2958
1779700856453 3.684346035015448e-05 3060
1779700978082 3.631822863027807e-05 3162
1779701033570 3.579299691040165e-05 3264
1779701085941 3.5267765190525234e-05 3366
