1779699202441 0.6919 102
1779699254557 0.6926 204
1779699306411 0.6838 306
1779699358760 0.6742 408
1779699410781 0.6602 510
1779699462854 0.5205 612
1779699514928 0.3791 714
1779699566960 0.4016 816
1779699618721 0.443 918
1779699670936 0.4174 1020
1779699791417 0.3515 1122
1779699843929 0.2815 1224
1779699896110 0.3283 1326
1779699948178 0.4057 1428
1779700000369 0.3148 1530
1779700052797 0.286 1632
1779700104904 0.3018 1734
1779700156980 0.3313 1836
1779700209098 0.3056 1938
1779700261158 0.3226 2040
1779700387290 0.2595 2142
1779700439431 0.2693 2244
1779700491652 0.2571 2346
1779700543733 0.2106 2448
1779700595891 0.2544 2550
1779700648226 0.2971 2652
1779700700493 0.282 2754
1779700752506 0.2374 2856
1779700804551 0.2656 2958
1779700856453 0.2861 3060
1779700978082 0.2408 3162
1779701033570 0.2102 3264
1779701085941 0.1971 3366
