1779696931092 0.09990205680705191 102
1779696982626 0.19980411361410383 204
1779697034000 0.2997061704211557 306
1779697085926 0.39960822722820766 408
1779697137603 0.49951028403525954 510
1779697190073 0.5994123408423114 612
1779697242714 0.6993143976493633 714
1779697294721 0.7992164544564153 816
1779697346458 0.8991185112634672 918
1779697398593 0.9990205680705191 1020
1779697473046 1.0 1021
1779697526401 1.098922624877571 1122
1779697578496 1.1988246816846229 1224
1779697630364 1.2987267384916747 1326
1779697682617 1.3986287952987269 1428
1779697735466 1.4985308521057785 1530
1779697787906 1.5984329089128306 1632
1779697840051 1.6983349657198825 1734
1779697892231 1.7982370225269344 1836
1779697944359 1.8981390793339863 1938
1779697996449 1.9980411361410382 2040
1779698070186 2.0 2042
1779698123300 2.0979431929480903 2142
1779698175402 2.197845249755142 2244
1779698227506 2.297747306562194 2346
1779698279694 2.3976493633692457 2448
1779698331790 2.497551420176298 2550
1779698384100 2.5974534769833495 2652
1779698436312 2.6973555337904016 2754
1779698488402 2.7972575905974537 2856
1779698540503 2.8971596474045054 2958
1779698592546 2.997061704211557 3060
1779698667952 3.0 3063
1779698720974 3.096963761018609 3162
1779698772987 3.1968658178256613 3264
1779698825541 3.296767874632713 3366
1779698877890 3.396669931439765 3468
1779698929971 3.4965719882468167 3570
1779698982433 3.596474045053869 3672
1779699034613 3.6963761018609205 3774
