1779696931092 0.46528276801109314 102
1779696982626 0.821639358997345 204
1779697034000 0.7445077300071716 306
1779697085926 2.20859694480896 408
1779697137603 2.7057650089263916 510
1779697190073 0.8883616924285889 612
1779697242714 4.7955451011657715 714
1779697294721 24.196256637573242 816
1779697346458 11.159186363220215 918
1779697398593 13.544951438903809 1020
1779697526401 3.3629567623138428 1122
1779697578496 16.619626998901367 1224
1779697630364 21.745176315307617 1326
1779697682617 18.517654418945312 1428
1779697735466 0.21449412405490875 1530
1779697787906 13.282662391662598 1632
1779697840051 86.12515258789062 1734
1779697892231 2.0125386714935303 1836
1779697944359 26.67424774169922 1938
1779697996449 110.81505584716797 2040
1779698123300 0.18904650211334229 2142
1779698175402 0.4290494918823242 2244
1779698227506 0.25124111771583557 2346
1779698279694 37.09113693237305 2448
1779698331790 0.3252268135547638 2550
1779698384100 131.0034942626953 2652
1779698436312 143.93313598632812 2754
1779698488402 74.56159210205078 2856
1779698540503 0.3956120014190674 2958
1779698592546 0.16093799471855164 3060
1779698720974 0.07601803541183472 3162
1779698772987 0.7526772022247314 3264
1779698825541 0.6672057509422302 3366
1779698877890 71.59356689453125 3468
1779698929971 0.08433640748262405 3570
1779698982433 1.178119421005249 3672
1779699034613 187.07579040527344 3774
