1779696931092 1.0100000000000002e-05 102
1779696982626 2.0300000000000002e-05 204
1779697034000 3.05e-05 306
1779697085926 4.07e-05 408
1779697137603 4.995880535530381e-05 510
1779697190073 4.94335736354274e-05 612
1779697242714 4.8913491246138004e-05 714
1779697294721 4.8388259526261584e-05 816
1779697346458 4.786302780638518e-05 918
1779697398593 4.734294541709578e-05 1020
1779697526401 4.681771369721936e-05 1122
1779697578496 4.629248197734295e-05 1224
1779697630364 4.5767250257466535e-05 1326
1779697682617 4.5242018537590115e-05 1428
1779697735466 4.4721936148300725e-05 1530
1779697787906 4.4196704428424305e-05 1632
1779697840051 4.367147270854789e-05 1734
1779697892231 4.314624098867148e-05 1836
1779697944359 4.262100926879506e-05 1938
1779697996449 4.209577754891864e-05 2040
1779698123300 4.1570545829042226e-05 2142
1779698175402 4.104531410916581e-05 2244
1779698227506 4.052008238928939e-05 2346
1779698279694 4e-05 2448
1779698331790 3.947476828012358e-05 2550
1779698384100 3.894953656024717e-05 2652
1779698436312 3.842430484037076e-05 2754
1779698488402 3.789907312049434e-05 2856
1779698540503 3.7373841400617924e-05 2958
1779698592546 3.6848609680741504e-05 3060
1779698720974 3.632337796086509e-05 3162
1779698772987 3.579814624098867e-05 3264
1779698825541 3.527291452111226e-05 3366
1779698877890 3.4747682801235844e-05 3468
1779698929971 3.4222451081359424e-05 3570
1779698982433 3.3697219361483005e-05 3672
1779699034613 3.317198764160659e-05 3774
