1779696931092 0.6926 102
1779696982626 0.692 204
1779697034000 0.6797 306
1779697085926 0.6293 408
1779697137603 0.5842 510
1779697190073 0.4473 612
1779697242714 0.384 714
1779697294721 0.4297 816
1779697346458 0.4079 918
1779697398593 0.432 1020
1779697526401 0.3416 1122
1779697578496 0.3456 1224
1779697630364 0.3352 1326
1779697682617 0.3879 1428
1779697735466 0.3316 1530
1779697787906 0.3234 1632
1779697840051 0.3235 1734
1779697892231 0.3381 1836
1779697944359 0.3193 1938
1779697996449 0.3394 2040
1779698123300 0.2704 2142
1779698175402 0.2585 2244
1779698227506 0.2863 2346
1779698279694 0.1922 2448
1779698331790 0.3508 2550
1779698384100 0.283 2652
1779698436312 0.325 2754
1779698488402 0.2426 2856
1779698540503 0.2528 2958
1779698592546 0.2875 3060
1779698720974 0.2353 3162
1779698772987 0.2114 3264
1779698825541 0.2237 3366
1779698877890 0.2135 3468
1779698929971 0.257 3570
1779698982433 0.2254 3672
1779699034613 0.169 3774
